access,59
add,177
allow,73
application,49
browser,71
bug,60
cert,82
certificate,288
certificates,101
client,53
code,79
connection,42
content,239
content security,59
crash,52
csp,106
data,61
dialog,82
does not,81
doesn,81
doesn t,81
doesnt,83
email,53
error,177
exception,81
expected,65
fails,48
file,56
firefox,179
html,146
http,75
https,83
implement,54
in the,70
information,43
insecure,46
intermittent,218
intermittent test,48
intermittent test unexpected,48
is not,52
js,135
load,40
mail,55
make,53
manager,79
master,45
master password,40
message,91
messages,47
mixed,77
mixed content,68
mozilla,110
name,40
need,41
new,54
ocsp,55
origin,51
page,123
password,152
policy,110
process,52
remove,75
report,39
review,44
sandbox,65
secure,38
security,743
security policy,63
server,62
should be,53
show,43
signed,52
site,59
src,40
ssl,131
support,80
tab,43
test,172
test timed,44
test timed out,44
test unexpected,49
tests,84
thunderbird,75
timed,59
timed out,59
timeout,50
tls,46
ui,45
unexpected,55
update,49
url,51
use,98
user,94
using,81
warning,64
web,50
window,69
windows,58
work,47
wrong,40
